id
572761
518792
407812
425509
571431
451594
624585
519203
516770
425877
543939
445055
425794
458085
592609
424325
452657
600303
471083
570489
448602
594777
545361
405395
459964
457706
452234
429664
443558
501896
430947
543068
572122
489149
572287
455104
543213
554429
543543
448605
458913
607054
455976
518692
542194
543829
592885
519317
430637
430948
592743
434604
445988
542303
527054
457454
588751
506693
400085
457727
457477
592518
430945
456665
501983
430321
444379
519306
452678
475247
570731
543376
446334
425766
457775
425784
523253
595281
430203
446386
605141
456030
120074
434670
519184
546318
400284
429667
467055
425664
593428
452672
453329
434563
429713
605125
520471
430935
514917
433217
501800
435063
425796
594809
466320
547989
444876
519058
456715
425560
541645
493351
543216
452095
543333
434778
460086
425567
521692
408299
608672
543776
456422
543401
488726
514888
543807
472528
467793
543228
461235
594828
474892
488771
430605
502082
608070
476704
458675
545350
453568
471865
453064
408047
571448
572816
460026
460576
518960
460075
518934
452718
133380
452252
501981
571697
516416
346798
502582
467827
499864
453211
455117
542454
572821
408045
434658
435079
408234
400121
116338
573627
461858
502110
493316
592206
488671
578428
542455
435559
457788
500871
434158
431151
446263
150212
572191
488862
547180
475582
467092
502517
501571
518595
435622
462564
489138
527038
112526
453286
543590
544925
460055
543281
570256
457705
435522
571740
458015
453943
516782
476883
465041
519023
407781
457803
408252
446359
474568
434538
456501
518911
458689
446481
571976
519083
461314
457708
519025
276519
624577
408236
435062
576397
475174
425549
408307
346874
592626
448306
454560
477132
457759
605486
475100
444843
506560
493114
605412
434636
457763
474832
572041
542255
502671
444432
431171
543063
453923
431094
572008
488912
605113
518567
518516
457574
622110
571875
460060
444482
547982
462101
425902
502226
453539
450314
456714
477195
134181
425783
607387
543434
519390
543760
519299
519048
455139
596059
408314
431145
430832
453056
458731
136860
429665
518626
425900
592647
407893
435263
452104
607680
581527
121347
452220
544369
430001
518577
453400
622072
543272
456781
430404
448801
465784
542921
543475
490063
501255
518614
475115
518735
425844
500208
285064
523989
435078
516949
452239
449786
519068
150229
571946
425772
543408
488852
543432
537953
573131
519144
421685
493596
570560
461815
449107
543257
572750
503449
501647
543238
543510
456488
453203
543302
594798
519455
519208
543037
502190
430611
453269
628356
435401
506997
435221
488768
461416
518790
408042
476451
458681
453562
519333
425496
519295
489267
592192
572033
502285
592261
475253
455759
502143
475416
571788
434567
449181
466988
547379
474233
542340
446653
518774
544931
407862
150359
543101
502117
218596
628333
476270
571974
463610
506702
434540
456078
475243
554431
468406
474463
502624
605177
594838
445590
477003
502046
571666
467143
453172
217100
453311
453344
545341
407793
150302
488721
429717
543484
435064
461829
519237
425532
434628
461865
543742
541650
451713
503556
460077
605151
648717
446381
518716
514913
519076
474699
491696
502004
608379
572096
502042
543054
457787
450729
543294
502374
605227
489232
594987
502210
408241
408242
433589
430910
628452
593372
571561
518902
430603
501992
425557
457711
434671
502481
502009
572020
150029
548357
572888
516970
571527
547874
453307
504379
630111
430580
592663
458582
518953
493472
592836
518568
572365
475479
594940
595386
592178
572180
517370
456701
592166
456121
571466
451109
571893
455755
456124
593525
452655
543184
608700
502239
608365
467070
607259
457760
518653
502317
451596
502211
430661
488810
542883
519071
489365
571970
453178
407822
502205
459431
571506
435044
518542
592774
543521
543942
516910
433584
543321
501789
606160
605894
516809
571771
595918
543699
572971
547179
452035
608641
453646
502409
450351
592314
592533
599096
502327
596119
542993
485567
534627
450308
500207
467785
595307
542994
595978
621035
502032
544928
430897
519301
499624
451532
542208
592662
434622
543459
506747
543921
517369
424825
592696
448674
429666
605512
465674
543768
595025
518468
476192
501659
598265
543339
502188
474494
573064
519242
571868
543305
592789
500779
518452
592407
595014
596748
592239
456071
489305
456034
596143
445213
452254
466948
545338
488689
607385
445060
467798
543135
594694
572019
571553
329092
541640
611177
493159
460059
476589
488681
462515
543606
554234
448802
628329
592869
519107
493128
571761
605541
605169
571735
456068
605131
553988
450203
519326
285078
543734
570632
489265
502182
501245
592665
593643
450172
446225
518863
517414
570717
621281
570649
608336
621962
572788
285079
462136
521230
451089
279824
543685
571665
446308
425543
519345
621209
474443
594988
605452
516589
518748
621043
518771
460099
543380
425834
570482
605323
593871
592621
453895
553993
518618
430599
592863
429781
543903
592620
592200
425386
488703
596019
621439
543706
502126
607074
543507
547888
534910
571825
545333
656941
570267
432934
502043
425626
431148
476633
457918
571577
523260
593495
518764
519085
542882
430613
434643
516811
519168
605538
477165
346793
518418
594824
592593
502522
543056
605388
595001
429711
574831
448170
488846
455374
543698
500743
502261
572138
491676
571918
571927
430652
543548
502034
461833
543557
501303
593934
430912
605228
544365
502100
502054
594736
571578
453385
542587
430911
489067
517593
543038
548337
527043
474668
571760
460003
542923
596144
533167
572233
518700
518170
430681
502010
502676
524968
542674
444836
115629
573135
543045
445197
545404
608701
500610
592612
542513
446372
591712
471911
518603
543219
543094
519043
425835
543569
572039
605400
457448
543881
542866
465753
527048
544725
643327
542583
624424
445926
545346
605135
518420
457789
425657
543243
592710
456776
571787
606466
460269
474284
458668
592804
460701
572102
592835
433587
605509
572128
592351
572204
595005
429780
543105
457449
606299
453214
607067
593576
429400
593958
473724
444857
595885
543633
543424
429719
625329
594555
474249
592329
594857
592230
571656
543278
450665
592341
571437
596057
572182
572863
607208
595191
572309
608671
534606
518755
605374
444446
488674
468504
457926
450317
461325
449170
448614
645848
596064
446321
571951
501593
622663
605156
489119
545358
572038
519381
594742
543308
594807
547973
501822
407890
445095
592273
542436
595879
493343
491646
571912
542963
605253
605200
552662
502523
608369
450641
492841
516414
541608
519082
502570
542942
460131
592340
519425
543901
593647
502213
570615
571467
598284
608596
553869
591720
542908
572804
488818
592274
518886
605232
623143
501381
572362
600474
282332
592680
501957
502023
542979
607776
435623
543391
605439
596146
459967
457762
605218
605347
446192
519222
592596
596142
621121
407908
571681
571757
596115
518466
518586
666560
572073
501986
493193
595023
571980
547172
434378
612672
643603
649557
543022
628317
595963
467008
457768
596112
596847
548389
592826
519141
543532
573185
547957
608577
605480
570663
592592
543877
542364
501936
593523
502028
608665
543456
543746
543859
453265
570714
502457
608648
472551
594951
424144
594760
519263
518625
543148
458678
534947
643297
476570
448855
607374
501888
449168
571882
518991
592325
592717
542992
605242
606131
573186
425856
571830
501625
593700
643338
600301
608703
593160
605182
592567
643393
458708
592731
621199
518883
434442
592419
517448
491708
642229
571841
518649
628711
595777
544150
518715
546276
458006
474319
605183
546991
640455
592791
641313
455369
596043
605304
607231
542881
623395
519445
572114
571963
501697
467100
571871
444468
621107
607732
575929
518560
518633
607359
518490
519344
624428
642003
607223
641771
607043
623166
592433
608717
591693
543118
571710
608337
460283
425492
503444
592779
279571
571602
449173
600869
643230
592332
519421
607192
547943
605137
592808
451705
592387
570481
506433
474521
553882
502273
553878
592767
625643
605483
474865
622194
640463
621311
608324
609275
602922
628338
607457
621559
621242
444489
643217
605508
606115
573113
493200
547007
607309
472610
594795
622097
571718
574847
520980
456167
608061
605164
643354
606192
502544
451661
596133
621052
592122
592450
435180
430641
429722
571745
621020
607625
623182
656546
640461
642239
493329
471822
605397
607229
502706
448179
506924
518875
553883
611093
594943
607257
592811
592444
605222
621563
607345
492802
606132
660162
543329
571812
592254
454975
608348
500874
462382
608566
642162
641958
497807
571800
503437
608325
503351
596451
621566
600524
641531
595751
596129
571863
621244
570639
453281
592866
593679
641820
595345
641319
592669
578570
622534
500887
519294
547004
621389
605396
594772
608718
571851
650490
519346
595426
642707
620443
594576
621002
502029
592685
622608
595284
642156
606959
607237
607536
554430
276520
544836
595375
622666
543309
621295
591994
608385
519322
591741
593528
640447
570810
451192
656756
554374
624414
545363
641355
547912
572669
596271
592127
622441
601713
657524
621471
502171
489334
592169
445276
570240
573244
623149
592741
642423
607471
458676
571670
572000
664641
643410
571510
664023
592120
593140
448609
605548
607352
543611
596105
518693
572193
502179
546990
543542
592879
545337
592229
453192
641941
543208
607752
659275
500724
641553
614173
519008
657557
600526
543652
477569
620982
596103
642094
594902
621433
452666
593527
502151
518397
595144
656794
596001
621446
543867
502212
519166
450306
594835
605194
572241
598271
584171
605254
605233
656305
622766
502051
573088
657145
622491
622210
624507
620439
592426
572228
624407
643565
642180
605170
666561
609280
622270
545121
608384
623451
592614
640449
506703
642231
502748
593969
606965
607219
622497
643335
622217
594840
643265
534812
605154
621112
607455
664057
571948
624586
646240
664056
643414
623167
656669
623352
519037
607200
571657
595373
645277
608371
642708
547170
434672
605204
595956
446399
527049
605540
608650
656555
642086
641857
594992
572140
608331
607473
623993
641598
452027
607369
595453
641816
592279
605441
571679
572227
642336
656185
657077
605119
596071
656427
620446
592348
607297
542642
600466
641487
591971
627894
543362
544727
669720
645302
642082
595943
543089
595238
605357
502026
641432
621512
457915
627500
570799
658792
547749
592547
606930
641796
605795
660271
518553
622168
592761
657658
606424
664192
641856
664068
641438
624636
595465
622682
670950
521655
571945
605280
608638
643396
595881
607468
605498
501213
543359
643256
594577
608597
608654
606625
657681
641924
622713
643778
641933
666971
623520
571595
650402
593974
621111
641778
660670
599683
595222
642571
621261
594953
594011
596816
592769
592145
621044
592468
647336
593144
642770
606988
543031
622864
664869
642545
641583
606995
592865
458677
456696
644428
642547
641645
614177
571476
665742
622694
571473
640457
641684
595909
642715
641525
592644
607430
593993
554054
600968
605474
640460
605446
623402
605520
643466
500135
621141
642701
622226
608652
596295
622446
642851
621381
489446
607968
605361
622554
642232
641343
628336
593334
657571
542289
664058
624431
543377
620454
605276
572403
593423
592859
656354
664842
621249
642528
476454
656738
669456
570666
606149
645261
606167
553902
435043
641154
543483
572955
644337
592390
605255
606162
663855
663656
628318
623454
621453
552640
660853
543193
641341
622075
502593
608723
593833
656803
641658
642211
594965
643446
516472
624133
605421
656811
663465
543194
642008
656725
622492
657656
641712
664040
488984
673633
664028
666969
641149
576788
656775
656798
621550
657053
656977
643376
621493
621573
606157
669060
621028
621219
649966
630023
606273
650895
656222
608475
622046
605244
650619
622569
606992
656887
664167
624419
623205
602115
641477
596012
641505
642133
624512
621529
623214
621514
621466
607333
656257
622795
642558
501985
641745
607215
582473
641571
664702
664196
624641
605612
543169
542932
657612
641851
669203
605513
